357173
449971
539432
434257
518572
643663
751809
517766
708945
539432
55093
93762
372530
708945
449971
449971
539432
567585
434257
518572
643663
197671
539432
55093
93762
372530
708945
449971
449971
539432
708945
292868
539432
197671
518572
620980
518572
449971
93762
471858
292868
539432
398161
539432
638708
518572
643663
130156
539432
55093
93762
372530
708945
449971
449971
539432
708945
292868
539432
273177
517766
539432
693361
708945
292868
755722
592815
559091
292868
518572
197671
559091
93762
212888
292868
539432
755722
643663
559091
616861
559091
292868
518572
449971
485671
539432
708945
273177
539432
517766
292868
539432
434257
518572
643663
751809
517766
708945
539432
434257
93762
655260
617531
449971
559091
197671
755722
539432
197671
755722
292868
539432
664899
518572
643663
693361
559091
292868
708945
273177
539432
398161
539432
708945
449971
708945
592815
708945
292868
620980
755722
273177
539432
518572
643663
751809
517766
559091
620980
708945
197671
620980
93762
212888
292868
559091
197671
755722
273177
539432
273177
559091
620980
517766
518572
693361
755722
539432
708945
292868
539432
449971
518572
539432
434257
518572
643663
620980
708945
539432
273177
517766
434257
708945
643663
559091
755722
643663
539432
693361
708945
539432
449971
518572
539432
197671
559091
517766
693361
518572
693361
539432
693361
708945
539432
718792
518572
643663
197671
708945
449971
755722
292868
518572
539432
567585
357173
273177
434257
518572
93762
6283
518572
485671
775013
539432
90965
708945
539432
82587
518572
449971
449971
518572
539432
708945
292868
539432
449971
518572
539432
518616
708945
643663
620980
559091
708945
292868
620980
708945
539432
592815
708945
643663
559091
693361
559091
755722
292868
518572
449971
539432
693361
708945
449971
539432
592815
755722
292868
620980
708945
539432
485970
518572
643663
592815
708945
449971
755722
103987
539432
751809
517766
708945
539432
434257
708945
643663
620980
708945
292868
708945
197671
708945
539432
518572
539432
449971
518572
273177
539432
708945
273177
620980
643663
559091
617531
518572
197671
559091
755722
292868
708945
273177
539432
693361
708945
539432
449971
518572
539432
273177
559091
708945
643663
643663
518572
539432
693361
708945
539432
485970
755722
449971
449971
273177
708945
643663
755722
449971
518572
52973
539432
708945
292868
539432
449971
518572
539432
197671
518572
643663
518572
539432
273177
708945
434257
620980
708945
292868
620980
643663
559091
755722
292868
518572
449971
539432
273177
708945
539432
82587
518572
449971
449971
518572
539432
708945
449971
539432
434257
518572
643663
751809
517766
708945
539432
693361
708945
449971
539432
485970
518572
643663
592815
708945
449971
755722
775013
539432
64466
693361
592815
559091
292868
559091
273177
620980
643663
518572
620980
559091
518616
518572
592815
708945
292868
620980
708945
539432
434257
708945
643663
620980
708945
292868
708945
197671
708945
539432
518572
449971
539432
617531
518572
643663
643663
559091
755722
539432
693361
708945
539432
95295
518572
539432
90965
518572
449971
517766
693361
103987
539432
708945
292868
539432
708945
449971
539432
693361
559091
273177
620980
643663
559091
620980
755722
539432
693361
708945
539432
55093
643663
518572
197671
559091
518572
775013
539432
254203
693361
708945
518572
693361
755722
539432
197671
755722
592815
755722
539432
517766
643663
617531
518572
292868
559091
344200
518572
197671
559091
93762
212888
292868
103987
539432
617156
517766
708945
539432
693361
559091
273177
708945
93762
6283
518572
693361
755722
539432
434257
755722
643663
539432
708945
449971
539432
518572
643663
751809
517766
559091
620980
708945
197671
620980
755722
539432
64466
292868
620980
755722
292868
559091
539432
55093
518572
517766
693361
93762
666168
103987
539432
592815
93762
471858
663910
559091
592815
755722
539432
708945
663910
434257
755722
292868
708945
292868
620980
708945
539432
693361
708945
449971
539432
592815
755722
693361
708945
643663
292868
559091
273177
592815
755722
539432
197671
518572
620980
518572
449971
93762
471858
292868
103987
539432
434257
755722
643663
539432
708945
292868
197671
518572
643663
616861
755722
539432
693361
708945
449971
539432
708945
592815
434257
643663
708945
273177
518572
643663
559091
755722
539432
357173
517766
273177
708945
617531
559091
539432
55093
93762
372530
708945
449971
449971
775013
539432
485970
755722
292868
273177
620980
643663
517766
559091
693361
755722
539432
708945
292868
620980
643663
708945
539432
695838
280211
68416
68416
539432
398161
539432
695838
280211
695838
104603
103987
539432
617156
517766
708945
539432
559091
292868
518572
517766
616861
517766
643663
518572
693361
755722
539432
197671
755722
592815
755722
539432
434257
518572
643663
751809
517766
708945
539432
434257
93762
655260
617531
449971
559091
197671
755722
539432
708945
292868
539432
695838
280211
121605
547765
775013
607108
357173
449971
539432
434257
518572
643663
751809
517766
708945
539432
55093
93762
372530
708945
449971
449971
539432
708945
273177
539432
517766
292868
539432
643663
708945
617156
449971
708945
664899
755722
539432
693361
708945
539432
449971
518572
539432
434257
449971
708945
292868
559091
620980
517766
693361
539432
518572
643663
620980
93762
666168
273177
620980
559091
197671
518572
539432
693361
708945
539432
55093
518572
517766
693361
93762
666168
176076
539432
434257
708945
643663
620980
708945
292868
708945
197671
708945
539432
518572
539432
273177
517766
539432
708945
620980
518572
434257
518572
539432
292868
518572
620980
517766
643663
518572
449971
559091
273177
620980
518572
539432
567585
434257
643663
559091
592815
708945
643663
518572
539432
693361
93762
74711
197671
518572
693361
518572
539432
693361
708945
449971
539432
273177
559091
616861
449971
755722
539432
663910
663910
485671
103987
539432
434257
708945
643663
93762
666168
755722
693361
755722
539432
708945
292868
539432
751809
517766
708945
539432
708945
449971
539432
518572
643663
751809
517766
559091
620980
708945
197671
620980
755722
539432
434257
708945
643663
617156
708945
197671
197671
559091
755722
292868
93762
212888
539432
273177
517766
539432
708945
273177
620980
559091
449971
755722
539432
434257
708945
643663
273177
755722
292868
518572
449971
103987
539432
518572
539432
620980
643663
518572
518616
93762
74711
273177
539432
693361
708945
539432
449971
518572
539432
559091
292868
273177
434257
559091
643663
518572
197671
559091
93762
212888
292868
539432
708945
292868
539432
449971
518572
273177
539432
617156
755722
643663
592815
518572
273177
539432
755722
643663
616861
93762
471858
292868
559091
197671
518572
273177
539432
693361
708945
539432
449971
518572
539432
292868
518572
620980
517766
643663
518572
449971
708945
344200
518572
103987
539432
434257
518572
643663
518572
539432
449971
755722
539432
751809
517766
708945
539432
434257
517766
273177
755722
539432
708945
292868
539432
434257
643663
93762
471858
197671
620980
559091
197671
518572
539432
620980
755722
693361
518572
539432
517766
292868
518572
539432
273177
708945
643663
559091
708945
539432
693361
708945
539432
292868
517766
708945
518616
518572
273177
539432
273177
755722
449971
517766
197671
559091
755722
292868
708945
273177
539432
708945
273177
620980
643663
517766
197671
620980
517766
643663
518572
449971
708945
273177
539432
755722
643663
559091
616861
559091
292868
518572
693361
518572
273177
539432
708945
292868
539432
273177
517766
273177
539432
434257
643663
755722
617156
517766
292868
693361
755722
273177
539432
518572
292868
93762
471858
449971
559091
273177
559091
273177
539432
693361
708945
539432
449971
518572
539432
616861
708945
755722
592815
708945
620980
643663
93762
666168
518572
539432
643663
708945
616861
449971
518572
693361
518572
775013
539432
64466
539432
708945
449971
449971
755722
539432
518572
93762
6283
518572
693361
708945
539432
708945
449971
539432
518572
643663
620980
559091
273177
620980
518572
539432
197671
518572
620980
518572
449971
93762
471858
292868
539432
517766
292868
518572
539432
616861
643663
518572
292868
539432
449971
559091
617531
708945
643663
620980
518572
693361
539432
197671
643663
708945
518572
620980
559091
518616
518572
539432
398161
539432
517766
292868
518572
539432
559091
592815
518572
616861
559091
292868
518572
620980
559091
518616
518572
539432
197671
643663
708945
518572
197671
559091
93762
212888
292868
539432
755722
643663
292868
518572
592815
708945
292868
620980
518572
449971
176076
539432
434257
518572
643663
620980
559091
708945
292868
693361
755722
539432
693361
708945
539432
197671
559091
708945
643663
620980
755722
539432
617531
518572
643663
643663
755722
751809
517766
559091
273177
592815
755722
539432
273177
517766
273177
539432
755722
617531
643663
518572
273177
539432
518572
693361
751809
517766
559091
708945
643663
708945
292868
539432
616861
643663
518572
292868
539432
643663
559091
751809
517766
708945
344200
518572
539432
708945
273177
620980
643663
517766
197671
620980
517766
643663
518572
449971
103987
539432
693361
708945
539432
617156
755722
643663
592815
518572
273177
539432
398161
539432
518616
755722
449971
93762
655260
592815
708945
292868
708945
273177
539432
693361
708945
273177
434257
643663
755722
518616
559091
273177
620980
755722
273177
539432
693361
708945
539432
643663
559091
616861
559091
693361
708945
344200
539432
643663
518572
197671
559091
755722
292868
518572
449971
559091
273177
620980
518572
539432
755722
539432
693361
708945
539432
197671
517766
518572
449971
751809
517766
559091
708945
643663
539432
434257
643663
708945
592815
559091
273177
518572
539432
197671
449971
93762
471858
273177
559091
197671
518572
775013
539432
357173
292868
539432
708945
449971
539432
434257
518572
643663
751809
517766
708945
539432
55093
93762
372530
708945
449971
449971
539432
693361
708945
273177
434257
449971
708945
616861
93762
212888
539432
55093
518572
517766
693361
93762
666168
539432
620980
755722
693361
755722
539432
273177
517766
539432
616861
708945
292868
559091
755722
539432
518572
643663
751809
517766
559091
620980
708945
197671
620980
93762
212888
292868
559091
197671
755722
539432
398161
539432
434257
517766
273177
755722
539432
708945
292868
539432
434257
643663
93762
471858
197671
620980
559091
197671
518572
539432
592815
517766
197671
82587
518572
273177
539432
693361
708945
539432
273177
517766
273177
539432
559091
292868
292868
755722
518616
518572
693361
755722
643663
518572
273177
539432
273177
755722
449971
517766
197671
559091
755722
292868
708945
273177
539432
708945
273177
620980
643663
517766
197671
620980
517766
643663
518572
449971
708945
273177
539432
751809
517766
708945
539432
273177
708945
643663
93762
666168
518572
292868
539432
708945
592815
617531
449971
708945
592815
93762
471858
620980
559091
197671
518572
273177
539432
693361
708945
539432
273177
517766
539432
708945
273177
620980
559091
449971
755722
539432
755722
643663
616861
518572
292868
559091
197671
559091
273177
620980
518572
539432
398161
539432
751809
517766
708945
539432
197671
517766
449971
592815
559091
292868
518572
643663
93762
666168
518572
292868
539432
708945
292868
539432
449971
518572
539432
90965
518572
616861
643663
518572
693361
518572
539432
598930
518572
592815
559091
449971
559091
518572
775013
607108
357173
449971
539432
434257
518572
643663
751809
517766
708945
539432
617156
517766
708945
539432
197671
755722
292868
197671
708945
617531
559091
693361
755722
539432
434257
755722
643663
539432
55093
93762
372530
708945
449971
449971
539432
398161
539432
55093
518572
517766
693361
93762
666168
539432
197671
755722
592815
755722
539432
517766
292868
539432
197671
755722
292868
664899
517766
292868
620980
755722
539432
708945
273177
620980
643663
517766
197671
620980
517766
643663
518572
693361
755722
539432
693361
755722
292868
693361
708945
103987
539432
693361
708945
292868
620980
643663
755722
539432
693361
708945
539432
517766
292868
539432
559091
292868
197671
755722
592815
434257
518572
643663
518572
617531
449971
708945
539432
592815
518572
643663
197671
755722
539432
693361
708945
539432
617531
708945
449971
449971
708945
344200
518572
539432
292868
518572
620980
517766
643663
518572
449971
103987
539432
273177
708945
539432
273177
559091
620980
517766
518572
643663
93762
666168
518572
292868
539432
517766
292868
518572
273177
539432
518616
559091
518616
559091
708945
292868
693361
518572
273177
539432
693361
708945
539432
518572
449971
620980
755722
539432
273177
620980
518572
292868
693361
559091
292868
616861
103987
539432
197671
755722
292868
539432
620980
755722
693361
755722
273177
539432
449971
755722
273177
539432
518572
693361
708945
449971
518572
292868
620980
755722
273177
539432
620980
708945
197671
292868
755722
449971
93762
212888
616861
559091
197671
755722
273177
539432
693361
708945
539432
449971
518572
539432
93762
74711
434257
755722
197671
518572
539432
434257
518572
643663
518572
539432
434257
643663
755722
197671
517766
643663
518572
643663
539432
708945
449971
539432
592815
93762
471858
663910
559091
592815
755722
539432
197671
755722
292868
617156
755722
643663
620980
539432
398161
539432
197671
755722
292868
539432
517766
292868
755722
273177
539432
518572
197671
518572
617531
518572
693361
755722
273177
539432
693361
708945
539432
616861
643663
518572
292868
539432
197671
518572
449971
559091
693361
518572
693361
539432
518572
643663
620980
93762
666168
273177
620980
559091
197671
518572
775013
539432
64466
273177
559091
592815
559091
273177
592815
755722
103987
539432
559091
693361
708945
518572
643663
755722
292868
539432
517766
292868
539432
197671
755722
292868
664899
517766
292868
620980
755722
539432
559091
592815
434257
643663
708945
616861
292868
518572
693361
755722
539432
693361
708945
539432
517766
292868
539432
617156
517766
708945
643663
620980
708945
539432
273177
559091
592815
617531
755722
449971
559091
273177
592815
755722
103987
539432
398161
518572
539432
751809
517766
708945
539432
434257
643663
755722
197671
517766
643663
518572
643663
755722
292868
539432
273177
559091
292868
620980
708945
620980
559091
344200
518572
643663
539432
708945
292868
539432
449971
755722
273177
539432
708945
449971
708945
592815
708945
292868
620980
755722
273177
539432
197671
755722
592815
517766
292868
708945
273177
539432
693361
708945
449971
539432
434257
518572
643663
751809
517766
708945
539432
592815
517766
197671
82587
755722
273177
539432
693361
708945
539432
449971
755722
273177
539432
559091
693361
708945
518572
449971
708945
273177
539432
620980
518572
292868
620980
755722
539432
434257
755722
449971
93762
666168
620980
559091
197671
755722
273177
539432
197671
755722
592815
755722
539432
643663
708945
449971
559091
616861
559091
755722
273177
755722
273177
539432
751809
517766
708945
539432
197671
755722
592815
434257
518572
643663
620980
93762
666168
518572
292868
539432
592815
708945
197671
708945
292868
518572
273177
539432
398161
539432
518572
643663
751809
517766
559091
620980
708945
197671
620980
755722
176076
539432
518572
273177
93762
666168
103987
539432
273177
755722
292868
539432
434257
708945
643663
197671
708945
434257
620980
559091
617531
449971
708945
273177
539432
708945
292868
539432
708945
449971
539432
197671
755722
292868
664899
517766
292868
620980
755722
539432
197671
755722
292868
197671
708945
434257
620980
755722
273177
539432
434257
643663
755722
197671
708945
693361
708945
292868
620980
708945
273177
539432
693361
708945
449971
539432
197671
518572
620980
518572
449971
518572
292868
559091
273177
592815
755722
539432
434257
755722
449971
93762
666168
620980
559091
197671
755722
539432
737150
659528
715741
273177
755722
617531
643663
708945
539432
620980
755722
693361
755722
539432
708945
292868
539432
449971
518572
539432
708945
273177
197671
518572
449971
559091
292868
518572
620980
518572
539432
693361
708945
539432
518572
197671
197671
708945
273177
755722
103987
539432
693361
755722
292868
693361
708945
539432
273177
708945
539432
643663
708945
434257
643663
708945
273177
708945
292868
620980
518572
292868
539432
449971
755722
273177
539432
638708
518572
93762
666168
273177
708945
273177
539432
197671
518572
620980
518572
449971
518572
292868
708945
273177
737150
659528
715741
539432
398161
539432
693361
708945
539432
449971
518572
539432
643663
708945
449971
559091
616861
559091
93762
212888
292868
539432
197671
518572
620980
93762
212888
449971
559091
197671
518572
539432
737150
659528
715741
708945
292868
539432
708945
449971
539432
592815
755722
292868
517766
592815
708945
292868
620980
755722
539432
518572
449971
539432
485970
518572
449971
518616
518572
643663
559091
755722
103987
539432
559091
693361
708945
518572
693361
755722
539432
708945
292868
539432
434257
643663
559091
292868
197671
559091
434257
559091
755722
539432
197671
755722
592815
755722
539432
197671
518572
434257
559091
449971
449971
518572
737150
659528
715741
775013
539432
311029
518572
592815
617531
559091
93762
74711
292868
539432
708945
273177
539432
559091
592815
434257
755722
643663
620980
518572
292868
620980
708945
539432
708945
449971
539432
708945
449971
708945
592815
708945
292868
620980
755722
539432
592815
559091
620980
755722
449971
93762
212888
616861
559091
197671
755722
176076
539432
273177
708945
616861
93762
655260
292868
539432
434257
518572
643663
708945
197671
708945
103987
539432
55093
93762
372530
708945
449971
449971
539432
398161
539432
55093
518572
517766
693361
93762
666168
539432
273177
708945
539432
559091
292868
273177
434257
559091
643663
518572
643663
755722
292868
539432
708945
292868
539432
708945
449971
539432
620980
708945
592815
434257
449971
755722
539432
693361
708945
539432
64466
434257
755722
449971
755722
539432
693361
708945
539432
538979
708945
449971
617156
755722
273177
539432
434257
518572
643663
518572
539432
273177
517766
539432
197671
755722
292868
197671
708945
434257
197671
559091
93762
212888
292868
539432
693361
708945
449971
539432
434257
518572
643663
751809
517766
708945
775013
607108
